   -1.0000   -1.0000
   -1.0000    1.0000
    1.0000   -1.0000
    1.0000    1.0000
    0.4145    0.9910
    0.5628    0.9249
   -0.4240    0.0701
    0.3851    0.9277
    0.1133   -0.7687
   -0.2070   -0.8971
   -0.8768   -0.3913
    0.5604    0.1604
   -0.3248    0.0619
    0.2157    0.8024
    0.4825    0.0811
   -0.7904   -0.1360
   -0.7442    0.0853
    0.0991    0.4248
   -0.0295   -0.9667
    0.7810    0.6018
    0.5979   -0.7150
    0.4687   -0.0431
   -0.8973   -0.4863
   -0.8542   -0.2618
   -0.8229    0.3235
    0.5967   -0.6608
    0.8860   -0.4424
    0.3674   -0.6036
   -0.7358   -0.6099
    0.4454   -0.3463
   -0.7793    0.7607
   -0.7650   -0.0578
    0.2814   -0.1921
   -0.3424   -0.6415
    0.3076    0.9378
    0.4983   -0.1851
    0.1664    0.6890
    0.4801    0.2307
   -0.5303   -0.2468
    0.4699    0.7544
    0.9412    0.5697
    0.7339   -0.0701
   -0.8275    0.6280
   -0.2671    0.7969
   -0.2616   -0.1415
    0.3701   -0.3313
    0.1959    0.1933
    0.5787    0.8040
   -0.2647    0.4041
   -0.5879   -0.2451
   -0.8267    0.4699
    0.5439    0.9082
   -0.5887    0.0856
   -0.2235    0.0802
    0.1036   -0.3778
   -0.5421   -0.8575
    0.2839   -0.6360
   -0.0310   -0.8140
   -0.6963   -0.0730
    0.5639   -0.9813
   -0.7988    0.8301
   -0.4119    0.2855
   -0.5253   -0.9972
    0.0617   -0.9392
   -0.8170   -0.5831
   -0.1894   -0.0901
   -0.7903   -0.7455
   -0.7754   -0.9827
    0.5689    0.4542
   -0.4169   -0.2918
    0.2071    0.5609
    0.9288   -0.1267
   -0.1350   -0.1269
    0.3895   -0.9016
    0.5162   -0.9007
   -0.1347   -0.8178
    0.3110    0.1881
   -0.7805   -0.5178
    0.8675    0.6827
   -0.6251    0.7144
   -0.4676    0.9272
    0.5957   -0.0222
   -0.0248   -0.5594
    0.5379   -0.5476
   -0.2080    0.0736
   -0.4541    0.5242
   -0.9255   -0.3049
    0.3466   -0.0775
   -0.1409    0.2786
   -0.0965    0.8347
    0.2197   -0.6769
   -0.8812    0.4313
   -0.3684    0.1555
    0.5454   -0.1334
    0.3929    0.7685
   -0.7493   -0.2139
   -0.7397   -0.6420
   -0.8153    0.2667
   -0.9844    0.2480
   -0.1538   -0.3441
    0.3111    0.6059
    0.4458    0.9990
    0.0624    0.9620
   -0.7824   -0.7459
    0.2635   -0.5355
   -0.7470   -0.9527
   -0.7314    0.2149
   -0.8028   -0.7784
   -0.7159   -0.1851
   -0.6635    0.7682
   -0.6075    0.0963
   -0.3650   -0.2620
   -0.3671   -0.5833
   -0.5649   -0.1181
   -0.4979    0.9124
    0.7858   -0.7519
    0.4064   -0.0585
    0.1115    0.7138
   -0.6311   -0.9132
   -0.5759    0.3833
   -0.8453    0.9580
    0.8276   -0.4335
    0.4134   -0.7324
    0.1156    0.3706
   -0.3731    0.8189
   -0.6676    0.2217
    0.2450    0.8000
    0.9759   -0.6131
   -0.6591    0.5088
   -0.4844   -0.3075
   -0.2064   -0.1627
   -0.8520   -0.6886
    0.3682    0.6380
   -0.1952    0.2498
    0.9657    0.4771
   -0.1956    0.6102
    0.2413   -0.8656
   -0.6913    0.9016
   -0.2373   -0.0048
   -0.6777    0.5103
    0.5162    0.4848
    0.7422    0.6623
   -0.2984   -0.6870
    0.3711   -0.0854
   -0.4117    0.2362
    0.0613    0.8644
    0.6648    0.6702
    0.1950    0.7908
   -0.3294    0.1650
   -0.4015    0.1655
   -0.0948    0.7099
   -0.1547   -0.9303
   -0.2808    0.7708
    0.1166   -0.1845
    0.4851   -0.9272
   -0.1513    0.4923
   -0.1413   -0.6903
   -0.7503   -0.7122
   -0.9511    0.2119
   -0.4196   -0.4910
   -0.3650   -0.3517
    0.3074   -0.1964
    0.9139   -0.1873
    0.8715   -0.2276
   -0.0842    0.2196
   -0.5190   -0.6662
    0.5278   -0.6238
    0.5187   -0.8107
    0.4813   -0.3536
    0.4874    0.5392
   -0.7882   -0.5318
    0.3631    0.4807
   -0.0735    0.3856
   -0.5757    0.6482
   -0.8030    0.6560
    0.6471   -0.4133
   -0.6500   -0.3813
   -0.6729    0.0461
    0.3320   -0.3494
    0.7888    0.6637
    0.0331    0.6206
    0.4054    0.1140
   -0.6928   -0.4741
    0.9069    0.3611
    0.0818   -0.5327
    0.3595   -0.0871
   -0.9269   -0.2309
    0.6184    0.0772
    0.4972    0.9834
   -0.7596    0.5104
    0.0501    0.9609
   -0.3483   -0.5304
    0.0929    0.0571
   -0.2022   -0.8971
   -0.1698    0.5138
   -0.6385    0.2040
   -0.4892    0.7143
   -0.9589    0.9766
    0.8474    0.8590
    0.3074   -0.1810
    0.8652   -0.9993
   -0.6730    0.0818
    0.8422   -0.5845
    0.5893   -0.5614
    0.1548   -0.3484
   -0.1199   -0.8081
   -0.4848    0.4951
    0.5039    0.4970
   -0.5427    0.0866
   -0.8716   -0.3237
    0.5347    0.6647
    0.3424    0.1051
    0.4304    0.9151
    0.2841    0.7857
   -0.1619   -0.2870
   -0.2185    0.0928
    0.6323   -0.3066
   -0.3651    0.2456
    0.6291    0.5932
    0.5781    0.4917
    0.7045   -0.7489
    0.0113    0.6448
    0.2713   -0.9497
    0.9018   -0.1711
   -0.1121    0.4628
   -0.8800    0.5627
    0.7335   -0.2654
    0.2624    0.4897
   -0.2899    0.7845
    0.9940   -0.5148
   -0.5517   -0.7408
    0.3049   -0.5499
    0.2100   -0.3000
   -0.2255   -0.4258
   -0.7156    0.8550
   -0.9497   -0.8974
   -0.1578    0.1853
   -0.6318   -0.6742
    0.4516    0.6768
   -0.2593   -0.6649
    0.6831    0.0044
    0.4685    0.9987
    0.1421   -0.2892
   -0.6463   -0.9058
    0.9148   -0.5727
   -0.4694   -0.2043
    0.8492   -0.3327
   -0.5525   -0.5408
   -0.2529    0.8722
   -0.8250    0.3664
    0.2802    0.9242
   -0.6388   -0.1241
   -0.9099    0.8807
    0.4463   -0.9883
   -0.3051    0.2206
    0.3212    0.6022
   -0.2323   -0.5340
    0.2547    0.8649
   -0.9567    0.5265
    0.8211    0.6529
    0.6011    0.1469
    0.4917    0.5852
    0.6262   -0.3419
   -0.2334   -0.5531
    0.2346   -0.3752
    0.1510    0.1690
    0.0601    0.6598
   -0.4499   -0.4191
   -0.5027   -0.1949
   -0.0967    0.7241
   -0.5446    0.2295
    0.6089    0.9824
    0.9722   -0.5926
   -0.9400    0.6544
    0.0713    0.3517
   -0.8258   -0.5021
    0.6042   -0.0484
    0.9783   -0.2018
   -0.8661    0.1989
    0.8788    0.6010
   -0.9636   -0.7899
    0.3677    0.6429
    0.5675    0.6822
    0.0683   -0.2910
    0.7707   -0.1399
    0.7980    0.1445
    0.2519    0.4016
   -0.7243    0.4849
   -0.5644    0.5158
   -0.6357   -0.2217
   -0.9164   -0.1414
   -0.7861    0.9127
    0.2329    0.1459
    0.8793    0.6994
   -0.2911   -0.4473
   -0.1787    0.2446
    0.9687    0.1767
    0.8912    0.9269
    0.3533   -0.8282
    0.9766    0.0010
    0.5337    0.0432
   -0.3266   -0.8197
    0.3248    0.8093
   -0.5117    0.7688
   -0.4090   -0.1220
    0.3604    0.5634
    0.0557   -0.7031
   -0.1768    0.2396
    0.2053   -0.4788
    0.5010   -0.1087
    0.1671    0.6880
    0.1036   -0.6076
    0.1671   -0.3923
    0.0236   -0.0334
   -0.8348   -0.3244
    0.4391    0.5970
    0.9923    0.9750
   -0.2909   -0.6819
    0.9425   -0.5262
   -0.3071    0.4045
    0.7731   -0.2491
   -0.0906    0.9474
   -0.1731    0.9446
   -0.5645    0.2874
   -0.7487    0.7202
   -0.3822   -0.1962
    0.4522    0.2639
    0.5657    0.9705
    0.3876    0.1190
   -0.9804    0.8672
    0.6864    0.4407
    0.8447   -0.0319
    0.5419    0.2781
   -0.9147    0.7753
   -0.2436   -0.6025
    0.4087   -0.2093
    0.4590    0.9844
   -0.5514   -0.1953
   -0.4619    0.3177
    0.3461    0.8027
   -0.0450    0.9908
    0.2474    0.3063
   -0.5271   -0.7831
   -0.6458   -0.9278
    0.6593    0.2362
    0.5338    0.1343
    0.8690    0.9239
   -0.7842    0.4922
   -0.6355    0.3250
   -0.8018    0.0466
   -0.0205   -0.4802
   -0.6135    0.9240
    0.7918    0.0804
   -0.8018   -0.9395
   -0.9117    0.3926
    0.1146    0.0394
    0.5450   -0.8819
   -0.3761    0.7801
   -0.6420   -0.3396
   -0.3221   -0.5406
   -0.5797   -0.7721
    0.0203   -0.3782
    0.8127   -0.5431
    0.2578    0.3040
   -0.7969   -0.8677
   -0.2183   -0.4491
   -0.8908   -0.4364
    0.0026    0.7601
   -0.1366   -0.1113
    0.9951    0.5118
    0.6232    0.2066
   -0.0287    0.5665
    0.7889   -0.7721
   -0.7249    0.9571
   -0.2200    0.6972
    0.8547   -0.8987
    0.8350   -0.0676
    0.4271   -0.3487
    0.2367    0.2604
   -0.3134   -0.5394
    0.8721    0.1598
   -0.7505    0.2063
    0.4612    0.1998
    0.2930   -0.1031
    0.6663   -0.9292
   -0.2034    0.0276
    0.4996   -0.1845
    0.6704   -0.7839
   -0.3551   -0.0802
    0.1045   -0.0982
    0.9583    0.1023
    0.0986    0.6108
   -0.3392    0.4017
    0.2389    0.7445
   -0.2787   -0.8956
    0.5130   -0.5606
   -0.1722   -0.0807
   -0.0153    0.9171
    0.3895    0.5801
    0.9455   -0.0963
   -0.3445   -0.3331
    0.6756   -0.8818
    0.4781    0.4818
    0.9083    0.0136
   -0.9362   -0.6001
   -0.2863   -0.1456
    0.3253   -0.6626
   -0.4370    0.5034
   -0.5392   -0.2633
    0.4223    0.8836
    0.2491   -0.9657
    0.1812    0.6581
    0.3209    0.2532
   -0.9049    0.0775
   -0.3024    0.3010
   -0.0973    0.4533
   -0.5182   -0.8110
    0.4301    0.7551
    0.7124   -0.9713
   -0.4370   -0.4114
    0.4621   -0.6402
   -0.7245    0.8526
    0.6734   -0.8636
   -0.7228    0.1622
    0.1764    0.2743
   -0.2677    0.3025
    0.6135    0.7292
    0.0076   -0.8881
   -0.0208    0.6337
    0.7541    0.0578
   -0.2937    0.3887
   -0.1011   -0.5752
    0.9271    0.0866
   -0.9154    0.4050
    0.9459    0.9129
   -0.6216   -0.1109
    0.3342   -0.8292
    0.1729   -0.8853
    0.3502    0.2589
   -0.2780    0.5924
    0.2406    0.3824
    0.6223   -0.3094
   -0.9615    0.8936
   -0.8323    0.0404
    0.9496    0.9076
    0.3027   -0.8528
   -0.5375   -0.5859
   -0.1930    0.5501
   -0.7560    0.8284
   -0.4631    0.5651
   -0.4843   -0.4089
   -0.3367   -0.6963
   -0.6955    0.6958
   -0.3040    0.5697
   -0.7567   -0.4583
    0.7683   -0.5444
   -0.8114   -0.3580
    0.8601    0.6591
   -0.2020    0.6444
   -0.9052    0.1414
   -0.3153    0.1437
    0.4719   -0.4280
    0.5894    0.3983
    0.0898    0.5925
    0.3724   -0.1168
    0.7873   -0.1076
   -0.8904   -0.0687
   -0.3927   -0.4419
   -0.9076    0.3508
   -0.6090    0.8073
    0.4403    0.8171
    0.4435    0.4944
    0.7556   -0.4790
    0.1649    0.3793
   -0.8586   -0.7363
    0.8455   -0.7530
    0.6007   -0.6182
   -0.4281   -0.7085
    0.0873    0.1701
    0.9696   -0.8533
    0.4314    0.6447
    0.6779    0.4458
   -0.1335    0.8517
   -0.0588   -0.0147
    0.1214    0.3098
   -0.4618    0.7802
    0.4980    0.0771
    0.0078   -0.4356
    0.2936    0.9519
   -0.3845   -0.9271
   -0.7226   -0.3475
   -0.0489    0.9460
   -0.2751   -0.2699
    0.5762   -0.3817
    0.5606   -0.7582
    0.3370    0.8315
   -0.7330   -0.7290
   -0.9569   -0.3358
    0.1197    0.7950
   -0.3984   -0.0007
    0.8788    0.2306
    0.9618    0.1663
   -0.4268    0.3965
    0.6016   -0.9413
    0.7922    0.0558
    0.1951   -0.9359
    0.7680    0.6543
    0.8875   -0.3200
    0.0983    0.6934
    0.4568   -0.5079
    0.1535    0.1630
   -0.9483    0.8754
   -0.1069   -0.9044
    0.2926   -0.8920
    0.0424   -0.9588
   -0.2554    0.3630
    0.8743    0.1973
    0.6591   -0.7719
    0.6982    0.5925
   -0.2549    0.2357
    0.1864   -0.8596
    0.7451   -0.8614
    0.8670   -0.7280
    0.3369    0.5778
   -0.5864   -0.8152
    0.3077   -0.5243
   -0.8559   -0.5127
   -0.1865   -0.7904
    0.3339    0.7167
    0.8675    0.3964
    0.6219    0.4675
   -0.0309    0.3011
    0.5135    0.0325
   -0.1659   -0.3472
    0.9436    0.3236
    0.9759   -0.7649
    0.7283   -0.7044
   -0.2222   -0.9605
   -0.0905    0.9286
   -0.5066    0.9407
    0.5688   -0.7523
    0.7657   -0.0652
    0.8274    0.3134
    0.1166   -0.4196
    0.1977    0.5091
   -0.7022    0.1162
    0.7994   -0.1444
   -0.0992   -0.4656
   -0.5887    0.5075
    0.7993    0.7968
    0.5252    0.4569
    0.7650   -0.1863
   -0.4301    0.8766
    0.3465   -0.4891
    0.3286    0.0663
   -0.7544    0.9095
   -0.1854   -0.4645
   -0.4494   -0.4998
    0.4333    0.8553
   -0.4332   -0.8628
    0.7924   -0.4012
    0.6532    0.1832
   -0.2199   -0.5934
   -0.0042    0.2718
    0.3896    0.5967
    0.6687    0.0034
    0.2193    0.3016
    0.1495    0.5919
   -0.3479   -0.5333
   -0.0872    0.2017
    0.4276   -0.7751
    0.7688    0.0315
    0.4417    0.6757
   -0.9628    0.8416
    0.3496   -0.0035
   -0.1230   -0.4448
   -0.1244    0.3050
   -0.7659    0.8346
    0.6294    0.0197
   -0.3503    0.9484
   -0.5075   -0.6054
   -0.3146   -0.7776
   -0.2486   -0.4053
    0.0931   -0.2072
    0.1238   -0.1585
   -0.2084   -0.3770
   -0.2037    0.3877
    0.0307   -0.8163
    0.3151   -0.1958
    0.9018   -0.4096
    0.4447   -0.3870
   -0.1998   -0.7889
    0.6637    0.1877
   -0.7313   -0.4345
   -0.8791   -0.6896
   -0.8315   -0.9987
   -0.6722   -0.4328
   -0.3516    0.1016
   -0.3965    0.7418
   -0.9766   -0.9155
    0.0798    0.8094
   -0.8093   -0.7381
   -0.7070    0.6675
    0.2623    0.6009
    0.7186    0.8358
    0.9484   -0.7254
    0.1417    0.0095
    0.9937   -0.1901
    0.1071   -0.6529
    0.0309    0.1504
   -0.3386    0.2124
   -0.1400   -0.5711
   -0.0164    0.0399
   -0.8579    0.9784
    0.7755   -0.0202
   -0.8707    0.3897
   -0.1276   -0.1772
    0.6533   -0.9304
   -0.2109   -0.4143
    0.2269    0.6029
    0.6373   -0.3070
    0.7725   -0.8334
    0.8622    0.0222
   -0.6184   -0.2663
   -0.4828    0.4790
    0.7957    0.0495
    0.1867    0.6090
    0.0077    0.6338
    0.2256   -0.6211
    0.6388   -0.7526
    0.0638    0.6420
   -0.5958    0.2758
   -0.0922   -0.9678
   -0.1442    0.7919
    0.9321    0.0308
    0.2401    0.0890
    0.3908    0.2129
    0.4403    0.5209
   -0.3062    0.7107
    0.0340   -0.2343
    0.1134   -0.8307
   -0.6870    0.4677
    0.1241   -0.3360
    0.3896    0.6795
   -0.1471   -0.2566
    0.6725    0.6564
    0.4628   -0.6470
   -0.2799   -0.7410
   -0.0916    0.7598
   -0.2272   -0.9118
    0.5511    0.3734
    0.4685    0.4675
   -0.1394   -0.1257
    0.3875   -0.2403
    0.8904    0.9593
    0.5685   -0.2020
    0.4111   -0.1196
   -0.7813   -0.6864
   -0.2201   -0.3479
    0.1818   -0.3719
   -0.0812    0.7890
   -0.8993   -0.5060
   -0.5426   -0.3786
    0.6684   -0.1823
   -0.9687    0.4160
    0.7274   -0.7127
   -0.8439    0.7426
    0.3381   -0.8337
    0.0004   -0.0765
   -0.5640   -0.9392
    0.1432    0.5064
   -0.7556    0.4001
    0.3423   -0.5710
    0.1992    0.3598
   -0.8880    0.1146
   -0.8873    0.7014
   -0.6950    0.1171
   -0.9608    0.8035
   -0.1296   -0.1610
    0.6644   -0.2837
    0.2348   -0.0220
    0.0403   -0.4881
    0.7277    0.8583
   -0.8046   -0.0665
    0.8161   -0.4920
   -0.7840   -0.1376
    0.0340    0.4051
   -0.7137   -0.1953
    0.1187   -0.6363
   -0.9908    0.7125
    0.5334    0.1684
    0.6974   -0.2528
    0.8336   -0.5566
    0.9739   -0.5620
    0.0103    0.0445
   -0.4572   -0.1332
   -0.7985    0.4826
    0.0157   -0.8591
    0.1712    0.6947
    0.5258    0.3598
   -0.8341   -0.7267
    0.3232    0.7168
    0.0340   -0.6003
   -0.6579    0.2147
    0.8771    0.0861
    0.1810   -0.6754
   -0.1187   -0.9887
    0.8838    0.5430
    0.3118    0.5296
   -0.0961   -0.1579
    0.6794   -0.8864
    0.0652    0.1715
    0.1078   -0.6517
    0.3601    0.4572
   -0.2656    0.0686
   -0.5214   -0.4939
    0.1578    0.8341
    0.7338    0.5164
   -0.1864    0.7741
   -0.7748   -0.8624
   -0.1123   -0.6329
   -0.3996    0.4741
   -0.1972    0.3934
    0.6667    0.5540
   -0.1927    0.0038
   -0.2196   -0.1490
   -0.2791    0.2225
   -0.7195    0.7115
   -0.4797    0.3416
   -0.8264    0.0472
   -0.1412   -0.4024
   -0.4854    0.4079
   -0.4049   -0.2368
   -0.1503    0.1354
   -0.7616    0.7757
   -0.0099    0.6859
    0.4128    0.7976
   -0.5129    0.8780
    0.5701    0.6309
   -0.8518   -0.9973
   -0.2122   -0.9938
   -0.9932   -0.8251
   -0.5586   -0.4785
   -0.9974   -0.9544
   -0.6216   -0.1518
   -0.7150   -0.3179
   -0.4638    0.0827
   -0.6502    0.8523
   -0.7227   -0.4030
    0.1978   -0.3238
    0.8021    0.7190
    0.8788   -0.3190
   -0.5576   -0.7238
   -0.0347    0.0156
   -0.2480    0.7133
    0.0476   -0.2314
   -0.4703    0.3914
   -0.8633    0.2558
   -0.1273   -0.0992
   -0.6523   -0.0528
   -0.9478    0.8994
    0.9094   -0.8330
   -0.1388   -0.4403
    0.9231   -0.1060
    0.5248    0.1751
   -0.9853    0.7553
    0.3601   -0.0618
    0.4119   -0.1252
    0.2903    0.4924
    0.1046   -0.0642
   -0.5638    0.7217
    0.5447   -0.0670
   -0.5439   -0.0038
   -0.2583   -0.0251
    0.7819   -0.5411
    0.7128   -0.8289
   -0.1951   -0.8652
   -0.3640    0.7768
    0.2173   -0.5337
    0.8204    0.7232
    0.8182    0.4235
    0.1832    0.7456
   -0.3349    0.8760
    0.7061   -0.7206
   -0.1152   -0.2122
    0.8087    0.9611
   -0.9336    0.2896
    0.0649    0.7928
    0.4330   -0.0355
   -0.6414   -0.9718
   -0.3269    0.2458
   -0.6246   -0.5378
   -0.3561    0.0549
   -0.1923    0.4500
    0.0971    0.2148
   -0.9025    0.1767
    0.1055   -0.1331
   -0.4504   -0.5117
   -0.5170   -0.1421
   -0.5137   -0.9796
   -0.6917    0.2176
    0.9128    0.9160
    0.8713   -0.8091
    0.6374   -0.9288
    0.4565    0.7725
   -0.6484   -0.5061
   -0.2793   -0.9822
   -0.6224    0.6298
   -0.9976   -0.7190
   -0.3672    0.7597
    0.3992   -0.8092
    0.2505   -0.2949
    0.0861    0.1868
   -0.1219    0.1704
   -0.4251    0.3354
    0.0033    0.2961
    0.5231   -0.1333
    0.5248   -0.7205
    0.1521    0.5039
    0.4953   -0.5164
    0.2911    0.3009
   -0.7536    0.7147
    0.0088   -0.8313
   -0.3055    0.9442
   -0.8157   -0.9371
   -0.7043    0.6708
   -0.6037    0.6714
    0.3445   -0.9003
   -0.1370    0.0918
    0.3888    0.8863
   -0.4864   -0.3571
   -0.9805    0.6129
    0.0646    0.2028
   -0.4412    0.5792
    0.8925    0.5984
    0.8129   -0.9009
   -0.2146   -0.4336
   -0.9503    0.3069
    0.3429   -0.0207
    0.6743    0.9457
    0.9430    0.4970
   -0.8861    0.1357
   -0.0994   -0.4021
    0.1649   -0.4878
    0.3733    0.7731
    0.4389   -0.1064
    0.3001    0.6320
    0.4538   -0.8033
   -0.2523    0.7192
    0.1632   -0.9447
   -0.7678    0.7983
   -0.8847    0.7999
    0.9595    0.0482
   -0.4304   -0.7596
    0.1899   -0.6444
    0.9243    0.4122
   -0.6284    0.6627
   -0.6139   -0.9303
   -0.3167    0.5157
    0.8658    0.9142
   -0.2187   -0.3143
   -0.4536    0.2765
   -0.6961   -0.3140
   -0.2058   -0.5671
   -0.2506    0.5724
   -0.7378    0.4462
   -0.1299   -0.4423
   -0.8170    0.1649
    0.2293   -0.1580
   -0.9780   -0.8159
    0.1465   -0.9519
    0.5795   -0.0177
   -0.5293   -0.4435
   -0.1040   -0.3205
    0.1387   -0.4253
   -0.8772   -0.6582
   -0.0074   -0.2015
    0.2846    0.3953
   -0.5575   -0.5926
    0.6741    0.3327
    0.9422   -0.1139
    0.6927   -0.1334
    0.0120   -0.6495
   -0.4422   -0.6136
    0.4932    0.2328
   -0.5261   -0.4620
    0.9147    0.1194
    0.2405    0.8896
    0.2005    0.4289
   -0.6548    0.3584
   -0.8193    0.9188
   -0.4895    0.5507
    0.7171    0.2155
    0.8221    0.8960
    0.3993   -0.8807
    0.4504   -0.4626
   -0.5402    0.9734
    0.1521    0.5444
    0.6213   -0.0493
   -0.1923    0.3618
    0.9769   -0.1661
   -0.8200   -0.2397
   -0.3581   -0.5735
    0.0228   -0.2341
   -0.8788   -0.9407
    0.4514   -0.0554
    0.1131   -0.3333
    0.0587    0.9517
    0.6600    0.1109
    0.7175    0.6926
    0.5781   -0.1839
   -0.3643   -0.0760
   -0.0956    0.6526
    0.5045    0.9824
   -0.7803    0.0479
   -0.7805    0.8509
   -0.4602    0.4780
    0.0493    0.1349
    0.9453    0.9376
    0.4208    0.6490
   -0.3763    0.9192
   -0.4171    0.2927
    0.7007   -0.2409
    0.8233   -0.0469
    0.2786    0.8238
   -0.4893   -0.9703
   -0.8227   -0.6866
    0.6765   -0.0569
    0.1694    0.0860
    0.8962   -0.8806
   -0.8779    0.3161
    0.1693    0.7793
   -0.4298   -0.7807
    0.6555   -0.1245
   -0.6180   -0.4395
   -0.1149    0.9705
   -0.2132    0.2175
    0.6531   -0.4925
    0.3537   -0.7348
   -0.5848    0.0900
   -0.3638    0.6556
   -0.7324    0.6740
    0.3429    0.6667
    0.1420   -0.5926
   -0.6605    0.0888
   -0.7047    0.7499
   -0.0478   -0.7580
    0.8162    0.7127
    0.1044    0.7996
   -0.9341   -0.5643
   -0.8923   -0.8460
    0.6101   -0.0516
   -0.0973    0.6701
   -0.2347   -0.0612
    0.5793   -0.1725
   -0.2714    0.0055
    0.0647   -0.7491
    0.4233   -0.7354
    0.7430    0.7410
   -0.3426    0.2059
    0.3002   -0.4694
    0.9497    0.7296
   -0.8481   -0.8838
    0.1740   -0.0845
   -0.1722    0.4444
   -0.3817   -0.3220
   -0.4723   -0.1976
    0.5175    0.0540
    0.9904    0.7885
   -0.6269    0.5567
    0.5623   -0.8613
   -0.6084   -0.4424
    0.9847   -0.2413
    0.6045    0.7293
   -0.1515   -0.1601
    0.4577   -0.5202
   -0.0033    0.1953
    0.6180   -0.0412
   -0.2870    0.7971
   -0.8535    0.8694
    0.1820    0.6358
    0.8204    0.4178
   -0.6125    0.4864
   -0.1353    0.7994
    0.4983   -0.8695
   -0.9216   -0.3282
    0.8926   -0.9913
    0.5273    0.6562
    0.1176    0.0149
   -0.6323   -0.2677
   -0.0041   -0.5467
    0.0357    0.0697
    0.9885   -0.4210
    0.7097   -0.8633
    0.9248   -0.8301
    0.3579   -0.8633
   -0.1930   -0.1804
    0.8700   -0.7532
   -0.0410   -0.1140
   -0.5364    0.7979
   -0.2329   -0.5540
    0.2663   -0.0651
   -0.5177    0.7230
    0.5632   -0.5540
    0.2353    0.6190
   -0.3286   -0.7543
    0.9265    0.4082
    0.6184    0.6347
    0.3505   -0.4084
    0.2456    0.7007
   -0.9313    0.8022
   -0.3334    0.8011
   -0.6657    0.5004
    0.0220    0.3407
   -0.0388    0.4570
   -0.2128   -0.6538
    0.2789    0.3493
    0.9510   -0.4663
    0.2225   -0.5257
    0.4045    0.1856
    0.3282   -0.3256
   -0.2426   -0.5211
    0.4748    0.9455
   -0.6100    0.1378
   -0.3897    0.6946
   -0.9628    0.0499
   -0.9674   -0.0854
   -0.8755   -0.1403
    0.8769   -0.6492
    0.6804   -0.6987
   -0.9951    0.6265
   -0.7274    0.1648
   -0.0656   -0.9059
    0.8999   -0.0519
   -0.0153    0.1283
   -0.1838    0.6587
    0.9879   -0.0490
    0.2476   -0.9936
   -0.0863   -0.1876
   -0.7952   -0.6836
   -0.3489   -0.2357
   -0.7776   -0.9525
    0.8282   -0.8822
   -0.6949    0.4517
    0.0698   -0.3975
   -0.3665   -0.2380
    0.8112   -0.5780
   -0.8372   -0.6655
   -0.9560    0.2197
    0.9943   -0.2864
   -0.0957    0.7969
   -0.1596    0.6519
   -0.8416    0.2382
   -0.2578   -0.5789
   -0.8998   -0.2760
   -0.1899    0.8797
    0.4556    0.3253
   -0.9413   -0.9674
   -0.5592    0.6868
    0.2100    0.9741
    0.2874   -0.5686
   -0.0256    0.1065
    0.5525   -0.2147
   -0.5595   -0.0561
    0.1357   -0.2698
    0.6830    0.7629
   -0.5783    0.4881
    0.4593    0.9349
    0.2616   -0.1655
    0.0392    0.8713
   -0.5188    0.5264
   -0.7312    0.7514
    0.2877    0.7372
    0.0504    0.1203
   -0.9798    0.9409
   -0.5707   -0.3167
    0.6425   -0.4501
    0.1587   -0.7373
   -0.6978    0.9269
   -0.8424    0.1851
   -0.0828    0.6216
   -0.3659   -0.8026
    0.6934   -0.8662
   -0.5707    0.0638
    0.9002   -0.4504
   -0.0181    0.7527
    0.0973   -0.7999
    0.2777    0.9328
    0.4037    0.7761
    0.1237   -0.3695
   -0.6930    0.6025
    0.7171   -0.6994
   -0.4816    0.0314
    0.4084   -0.1752
   -0.2657   -0.5667
   -0.8723   -0.5756
    0.2096   -0.5171
   -0.2904   -0.3602
   -0.1889   -0.1694
   -0.7679   -0.9646
    0.7283   -0.6030
   -0.9731   -0.5442
    0.1328    0.0452
    0.9634   -0.1843
    0.8930   -0.1041
   -0.9479   -0.3179
    0.3710   -0.1801
   -0.4062    0.7078
    0.8626    0.1843
   -0.0624    0.8021
    0.0559   -0.3183
    0.3265   -0.6643
    0.1269   -0.8765
    0.2327    0.6677
   -0.9457    0.6104
   -0.5663   -0.5321
   -0.7632   -0.4102
   -0.2476    0.3171
    0.0699    0.1513
    0.9838   -0.1898
    0.2078   -0.3803
    0.4459   -0.6018
   -0.8767    0.6648
   -0.4667   -0.2746
   -0.6316    0.1625
   -0.7083    0.3400
   -0.9530    0.0649
   -0.8739    0.4038
    0.8640   -0.1627
    0.0718    0.1924
   -0.0866    0.3093
   -0.6725    0.0826
    0.5287    0.8297
    0.7760    0.5841
   -0.1398   -0.2486
   -0.3528    0.3546
   -0.9398   -0.4509
   -0.1125    0.7278
    0.3795   -0.7963
    0.4327    0.1318
   -0.3119    0.4851
   -0.7770   -0.9421
   -0.9958   -0.9106
    0.7018    0.8035
   -0.1303   -0.6386
   -0.2174    0.5417
   -0.8128    0.6951
    0.9172    0.8712
    0.0450   -0.9765
    0.9596   -0.8418
   -0.7470   -0.4819
   -0.0089   -0.1766
   -0.3603   -0.9705
   -0.8445   -0.1470
   -0.5703    0.1517
    0.6198    0.4030
   -0.5363    0.6608
    0.7196   -0.6859
    0.4099   -0.2216
   -0.6591   -0.4970
    0.9662    0.0701
   -0.8246   -0.2258
    0.1927   -0.9733
    0.3516   -0.4250
   -0.6978    0.2893
    0.2747    0.0545
    0.2379   -0.7326
   -0.4535   -0.6176
    0.5146   -0.4231
   -0.4183    0.8774
    0.3288   -0.8559
    0.5843    0.8738
    0.2201    0.8275
    0.3966    0.7088
    0.1833   -0.7575
   -0.5861    0.0972
   -0.6490   -0.2786
    0.7403   -0.6049
   -0.9113    0.9416
   -0.9142    0.3818
   -0.3982   -0.5243
   -0.6281   -0.0985
   -0.7888   -0.6335
    0.9232   -0.8466
    0.3616   -0.1418
   -0.4810    0.0019
   -0.5422    0.5322
   -0.4135   -0.9982
    0.7592   -0.5697
   -0.2691   -0.9022
   -0.3365   -0.8132
   -0.0502   -0.2145
   -0.8392   -0.8608
    0.7883   -0.3775
   -0.2389    0.0011
    0.0484   -0.6519
    0.5183   -0.4664
    0.7158   -0.2886
   -0.8337   -0.8030
   -0.7889   -0.5204
   -0.9843    0.8929
    0.0196    0.8237
   -0.3207    0.4404
   -0.5344   -0.9923
   -0.4883   -0.4788
    0.3941    0.1076
   -0.6420    0.7120
    0.9514   -0.9077
    0.9412   -0.9042
    0.2994   -0.2976
   -0.5979   -0.5383
   -0.9693    0.4174
   -0.8385    0.7849
   -0.2483   -0.2061
   -0.3256    0.4953
   -0.7399    0.1526
   -0.2022    0.3892
   -0.8274   -0.8396
    0.7758   -0.6047
   -0.1417    0.6666
    0.7937   -0.2540
   -0.3002   -0.2314
   -0.6199    0.3587
    0.6824    0.7845
    0.9360   -0.4526
    0.0112   -0.8166
    0.0948   -0.8898
   -0.9267   -0.2313
    0.9650   -0.1197
    0.5159   -0.9707
    0.7443   -0.8569
    0.2379    0.7980
    0.6591    0.0520
    0.5594    0.3921
   -0.4465   -0.1144
   -0.2758   -0.4523
   -0.8491    0.4783
    0.9765    0.2847
   -0.0736   -0.0205
   -0.3327    0.2514
   -0.3408    0.6496
   -0.4892   -0.9542
   -0.7489   -0.5963
    0.0232   -0.5787
    0.6913   -0.1508
   -0.9357    0.0291
    0.2706   -0.1111
    0.1786    0.4573
    0.6859   -0.9913
    0.3586   -0.1255
   -0.2965    0.2966
    0.5241   -0.2041
    0.1063   -0.3578
   -0.8459   -0.2042
    0.2332    0.1367
   -0.3324    0.9573
   -0.1368    0.7464
    0.6129    0.6024
   -0.5484    0.9345
    0.9544    0.4590
    0.9734   -0.8762
    0.5536   -0.7657
   -0.9596   -0.9666
   -0.2323    0.4660
   -0.6093   -0.1532
   -0.7925    0.5334
    0.0021    0.0341
   -0.4006    0.8572
   -0.8046   -0.0983
    0.6326    0.1292
    0.3512   -0.6863
   -0.0912    0.4897
    0.7199    0.1080
    0.3779    0.9882
    0.1832    0.0395
   -0.1896    0.5817
   -0.5442   -0.6582
    0.1309    0.8680
    0.3556   -0.6867
    0.8351   -0.7400
    0.6206    0.0028
   -0.0996    0.4870
    0.8446    0.8227
    0.0140    0.3781
   -0.9739    0.1121
    0.4474    0.1975
    0.8892    0.4083
   -0.2688    0.2547
   -0.8089    0.0668
   -0.2079    0.5092
    0.8023   -0.3512
    0.9962   -0.0267
    0.1436   -0.3767
    0.2478   -0.3886
   -0.2709   -0.4170
   -0.4258    0.3052
   -0.1798   -0.7476
    0.0898    0.9130
   -0.4675    0.2177
   -0.0660    0.2643
   -0.7733    0.0753
   -0.5925   -0.1132
    0.1525   -0.3143
   -0.3762   -0.5852
   -0.5033    0.0351
   -0.2817    0.3885
    0.1367   -0.0067
   -0.0904   -0.2057
    0.6406   -0.6848
    0.8379    0.4549
   -0.9862    0.9439
    0.1821   -0.6871
    0.1716    0.8451
   -0.5683   -0.0834
    0.3828    0.5485
   -0.0826   -0.3429
    0.5452   -0.2723
    0.0992    0.5784
    0.1228    0.1377
    0.3437   -0.8601
    0.6725   -0.5440
    0.1976    0.6775
    0.0483    0.3112
    0.8623    0.5186
   -0.0841   -0.8000
    0.5159   -0.6683
    0.5378    0.9229
   -0.1524   -0.9114
   -0.9896   -0.5357
    0.6940   -0.4649
   -0.1111    0.0410
   -0.2711   -0.2802
    0.3590   -0.3724
   -0.1124    0.2115
   -0.0498   -0.1280
   -0.5359   -0.5862
    0.0450    0.9118
   -0.2173    0.3178
   -0.6349    0.1715
   -0.5133   -0.8900
    0.2782   -0.5361
   -0.1122    0.7247
    0.2756   -0.8688
   -0.8840   -0.4908
    0.0635    0.5803
   -0.7128    0.9166
   -0.6271    0.1078
   -0.6934   -0.9314
   -0.7519    0.1033
    0.2397    0.6170
    0.8416   -0.2558
   -0.4438    0.9752
   -0.9222    0.0776
    0.8253    0.7398
    0.6234    0.4277
   -0.6752   -0.8424
   -0.4132    0.7924
    0.3330    0.5833
    0.8448   -0.9536
    0.3902   -0.3320
   -0.8752    0.0866
   -0.0171    0.4237
   -0.1947   -0.2542
    0.4268   -0.2498
    0.4339   -0.5724
   -0.7377    0.4022
    0.3937   -0.8617
    0.9956   -0.3345
   -0.0432   -0.9752
   -0.0924    0.6653
    0.9920    0.3722
   -0.5148   -0.0966
    0.6254   -0.9020
    0.9241    0.1563
    0.3748   -0.5903
   -0.2624   -0.3064
   -0.1724   -0.6838
   -0.6509    0.2161
   -0.3421   -0.1230
   -0.6718    0.4453
    0.0375   -0.1652
   -0.5994    0.4164
   -0.2595   -0.0853
    0.6299   -0.6142
    0.1861   -0.4796
   -0.4534   -0.2525
    0.3153   -0.6001
   -0.6088    0.9838
    0.3063    0.6690
    0.2476   -0.8572
   -0.8108   -0.2920
    0.3161    0.4664
    0.9258   -0.4583
    0.4996   -0.4486
   -0.8140    0.2827
    0.5607   -0.0906
   -0.1149    0.5640
   -0.9610    0.8722
    0.5463    0.0890
   -0.2600   -0.0374
   -0.2885    0.8030
    0.1595   -0.4167
   -0.8636    0.4871
    0.3464   -0.2680
    0.8353   -0.7613
   -0.7904   -0.8689
    0.1159   -0.7690
   -0.9450    0.6427
    0.4305   -0.6893
   -0.7017   -0.4101
    0.3528   -0.5438
   -0.7065   -0.8851
    0.2235   -0.0940
   -0.4014    0.3285
   -0.1333    0.8450
   -0.9626    0.4584
    0.1585   -0.0611
   -0.9409    0.2536
    0.8723    0.1600
    0.1773   -0.7105
   -0.6846    0.8482
    0.4239   -0.8483
    0.9534   -0.7477
    0.7966   -0.0155
   -0.4307    0.2080
   -0.5035   -0.2130
   -0.1269   -0.1810
    0.9235   -0.5396
    0.7260    0.9475
    0.9342    0.7419
   -0.1667   -0.1194
    0.8319   -0.1443
   -0.9317   -0.1433
   -0.6752    0.6651
   -0.0313   -0.9592
    0.4927   -0.7000
   -0.1237   -0.6926
   -0.0068   -0.8876
    0.0949    0.3290
    0.1460   -0.2630
    0.4074    0.4336
    0.2863   -0.4817
    0.8459    0.6022
    0.2876    0.8798
    0.5927   -0.2230
    0.8183   -0.5602
   -0.7441    0.3344
   -0.0495    0.0545
    0.1049   -0.4873
    0.5001    0.6973
   -0.6482    0.2574
   -0.1039    0.6033
    0.3736   -0.7812
    0.8078   -0.0990
   -0.2661    0.0377
   -0.5538   -0.0734
   -0.4067   -0.0106
   -0.4190    0.0548
   -0.7476   -0.9248
    0.5764    0.6566
    0.9897    0.5345
   -0.5274   -0.7168
    0.3920    0.9572
   -0.9255   -0.7081
   -0.6958    0.9171
   -0.9521    0.5849
   -0.1691   -0.0483
   -0.4952   -0.8290
   -0.1919   -0.5430
    0.2843    0.3307
   -0.6987    0.6388
    0.1030   -0.9085
   -0.8690    0.2727
    0.8839    0.8129
   -0.6781    0.2113
   -0.8248   -0.6777
    0.2963    0.1442
   -0.5677    0.2991
   -0.2821   -0.5813
    0.1348   -0.0043
    0.5910    0.1940
    0.3752    0.8277
   -0.5903    0.2770
   -0.4987    0.4575
   -0.1019   -0.7390
   -0.3150    0.3765
   -0.0658    0.2663
   -0.6649    0.7282
    0.5900   -0.6389
    0.6425   -0.8966
    0.3666    0.6118
   -0.8290    0.5724
   -0.2756   -0.1895
    0.6266   -0.3909
   -0.3267    0.8657
    0.0777    0.8824
   -0.2488    0.8800
   -0.3035    0.2586
    0.5413   -0.8284
    0.4088    0.2496
   -0.0655   -0.0650
   -0.9235    0.0837
   -0.9509    0.7351
    0.4514    0.1596
    0.2896    0.2561
    0.0574   -0.3145
   -0.5915   -0.9714
   -0.6589   -0.2596
   -0.4347    0.1101
   -0.6346   -0.9215
   -0.8907    0.4043
   -0.8642    0.8337
    0.7983   -0.5363
    0.4812    0.0452
    0.0314   -0.8804
   -0.5908    0.1668
   -0.4440   -0.0176
   -0.0201   -0.0893
   -0.6477   -0.2702
   -0.2950    0.6136
    0.7001    0.2306
    0.8200    0.7917
    0.6192    0.6160
   -0.6887   -0.7160
    0.6276   -0.6716
   -0.9129   -0.5084
    0.3047   -0.0111
   -0.6861    0.8231
   -0.0641   -0.4935
   -0.8672    0.1503
   -0.8815   -0.8567
   -0.1818    0.5848
    0.2295   -0.8305
    0.9958    0.8982
    0.7447   -0.5296
   -0.5623   -0.2124
   -0.8927   -0.1319
   -0.6202   -0.8167
   -0.6671   -0.8424
   -0.6986   -0.8009
    0.1298   -0.1678
    0.2160   -0.2406
    0.6246    0.7455
   -0.6960    0.1950
   -0.6456    0.8819
   -0.5294    0.9279
   -0.2992   -0.0420
   -0.5542    0.4775
    0.3070    0.4008
    0.8436    0.4221
   -0.2467    0.5244
    0.8882   -0.1040
    0.3114   -0.1715
    0.1559   -0.2267
    0.1964    0.1249
    0.7262    0.1858
    0.8642   -0.6481
   -0.2623    0.5227
    0.0671    0.4996
    0.4150    0.2818
    0.1301   -0.5300
    0.0108    0.3006
   -0.9766   -0.2890
    0.2260   -0.2454
   -0.8861    0.9755
    0.1737   -0.8904
   -0.4538    0.4670
    0.6717    0.7430
    0.7985    0.9250
   -0.5969   -0.0296
   -0.6963   -0.1090
   -0.7365    0.8864
    0.6481   -0.2771
   -0.8740    0.7879
    0.8714    0.5951
    0.1977   -0.6420
   -0.5694    0.0364
    0.8587    0.9179
    0.5610    0.6250
    0.9240   -0.2045
    0.4401    0.4857
   -0.4895    0.4770
   -0.8178    0.5305
   -0.7581   -0.7839
   -0.3482    0.2011
   -0.9160   -0.4265
    0.6619    0.7159
   -0.8804    0.1382
    0.3593   -0.6484
    0.7459    0.6393
    0.1554   -0.3091
    0.4236   -0.1621
    0.7473    0.4241
   -0.7941   -0.4139
    0.9150   -0.1368
   -0.7435    0.4499
   -0.3303    0.6858
    0.0272    0.7688
    0.3655   -0.4670
    0.9696    0.2607
    0.9291   -0.3346
    0.4898    0.4287
   -0.0572    0.2844
   -0.9125   -0.5148
   -0.2894    0.5493
   -0.4414    0.6761
   -0.3857   -0.0062
   -0.6325    0.2300
   -0.4586   -0.1105
    0.1429   -0.1107
    0.5009    0.7679
    0.0069   -0.5068
   -0.1245    0.1543
   -0.4512   -0.2046
    0.0643   -0.9504
   -0.1258    0.5577
   -0.4819    0.0215
   -0.4595   -0.9806
    0.4779   -0.1162
   -0.3385   -0.8361
    0.5127    0.3915
   -0.1999   -0.4740
   -0.1864    0.1953
    0.0358    0.8113
   -0.2598   -0.3737
    0.7451   -0.8654
    0.4755   -0.4750
    0.8700   -0.6998
    0.5790   -0.4826
    0.3531    0.4215
    0.5470    0.6263
   -0.4919    0.6245
   -0.7737    0.0633
   -0.7540    0.9806
    0.8821    0.5912
   -0.3019   -0.7176
   -0.6838    0.3687
   -0.4598   -0.3600
   -0.9888   -0.8026
   -0.6221    0.8770
   -0.0620   -0.4023
    0.0844    0.6761
   -0.7327   -0.4444
   -0.0398    0.8402
   -0.1567    0.5529
   -0.7173    0.3339
   -0.8308   -0.8153
   -0.1339    0.6603
    0.3602    0.0953
   -0.4244    0.7231
    0.0911   -0.1911
   -0.3145   -0.3418
   -0.8330   -0.2774
   -0.1629    0.0187
   -0.7891    0.8420
   -0.1606    0.6630
   -0.3080    0.0396
    0.3339    0.4688
   -0.0922    0.5902
   -0.3637   -0.5235
    0.8918    0.1082
   -0.7985   -0.2725
    0.8059   -0.1491
   -0.5383    0.9803
    0.1983   -0.1206
    0.5607    0.4735
   -0.4867   -0.5507
    0.1702    0.5274
   -0.8610    0.0256
   -0.1054   -0.7288
   -0.0897    0.0425
    0.7011   -0.7906
   -0.2465    0.8635
   -0.0556   -0.2872
    0.0974    0.6649
   -0.8885    0.9046
    0.2863   -0.8436
    0.7377   -0.2586
   -0.9301   -0.3528
    0.8893    0.3069
    0.4112   -0.5952
    0.5997    0.1269
   -0.0682    0.2206
    0.7026    0.2410
    0.2041    0.9026
   -0.5540   -0.8428
    0.5180    0.4719
    0.7582    0.2449
    0.1771   -0.5213
    0.6993    0.3296
    0.7569    0.8261
   -0.6626    0.1224
    0.6884    0.6926
   -0.8539   -0.3868
    0.4201   -0.6551
   -0.1204    0.7726
    0.0004    0.3173
   -0.9257   -0.0861
   -0.7925    0.2923
   -0.7805    0.1797
    0.3252    0.0187
   -0.3102    0.9636
    0.1840    0.6553
    0.6804   -0.5350
    0.4294    0.4287
   -0.0076    0.9333
    0.7969   -0.5807
    0.7050   -0.4852
   -0.2132    0.0601
   -0.0213   -0.4915
    0.1967   -0.3681
    0.5983   -0.9238
    0.0210   -0.8124
   -0.6516   -0.9963
   -0.7326   -0.4396
   -0.0882    0.8819
    0.4976    0.8837
    0.6304    0.4170
   -0.4530   -0.6624
   -0.1246   -0.0029
   -0.8508    0.8308
    0.4274    0.6591
    0.0366    0.5603
   -0.9941   -0.6658
   -0.5576   -0.8242
   -0.5070   -0.0077
   -0.5070   -0.2606
   -0.1583   -0.7985
    0.0035    0.5796
    0.0872   -0.1696
    0.3403    0.0294
   -0.7011    0.5528
    0.9346    0.1112
   -0.6524    0.8493
   -0.4619   -0.8277
   -0.0937   -0.1613
   -0.3126    0.0279
   -0.0632   -0.2851
   -0.2199   -0.1676
    0.4596    0.3018
    0.1609    0.8759
   -0.4241    0.8985
    0.7642    0.7983
    0.5313   -0.5329
    0.2118   -0.1199
   -0.9657    0.7338
   -0.4193    0.7075
   -0.4177   -0.1579
   -0.7217   -0.8858
   -0.4198    0.6459
    0.6297    0.2610
   -0.9519    0.8505
   -0.0913    0.6647
   -0.5755   -0.4068
    0.5643    0.6031
   -0.2097    0.3286
    0.5149    0.4691
    0.0364   -0.9576
   -0.9005    0.3114
    0.2350   -0.5262
   -0.1650   -0.4624
    0.4777   -0.2824
   -0.1999    0.4597
   -0.5606   -0.5231
    0.4669    0.8547
    0.4459    0.9065
   -0.8321   -0.7003
   -0.4862   -0.1508
   -0.3068   -0.7753
   -0.4482    0.0706
    0.7152    0.2847
   -0.1309   -0.9152
   -0.3507   -0.2380
    0.6581   -0.7077
   -0.9870    0.3034
   -0.0579   -0.9637
    0.9783    0.9019
    0.6337    0.1611
   -0.3069   -0.2279
   -0.2942   -0.1806
    0.5485    0.1478
   -0.8631    0.9019
   -0.5015   -0.3000
    0.4323   -0.0309
   -0.1532   -0.6075
   -0.4833   -0.5547
    0.6912    0.8732
    0.7788    0.6631
   -0.2644   -0.7568
   -0.3042   -0.4279
    0.9553    0.4461
    0.0519   -0.6469
    0.5713   -0.8940
   -0.4428    0.9306
   -0.6864   -0.2759
   -0.7308   -0.5465
    0.4258   -0.1516
    0.4168   -0.0905
   -0.3916    0.4061
   -0.5770   -0.2829
    0.7571   -0.9527
    0.5400    0.3639
    0.3643    0.0203
    0.7701   -0.3877
   -0.1489    0.1604
    0.5502    0.5675
    0.5717    0.0459
    0.0270   -0.1901
   -0.9166    0.1376
    0.1061    0.4045
   -0.1685   -0.3775
   -0.5322   -0.4417
    0.4356   -0.0124
    0.6145    0.3303
    0.7767    0.9828
   -0.4440   -0.8062
    0.3006    0.9409
   -0.1202   -0.9014
   -0.3256    0.9773
    0.2113   -0.5384
    0.1596    0.1660
   -0.0465   -0.8871
   -0.9514   -0.7453
    0.0094   -0.7163
    0.3723   -0.0241
   -0.9914    0.9577
    0.2043   -0.2123
   -0.1072    0.5317
   -0.6327    0.5766
    0.7310    0.3077
   -0.0821   -0.6368
   -0.1977   -0.9644
   -0.2155   -0.9882
   -0.7659    0.5396
    0.7663    0.2700
   -0.4339   -0.3887
    0.2287   -0.5642
   -0.8588    0.1628
   -0.0636   -0.4913
    0.1852    0.7438
   -0.6593   -0.1646
    0.5524    0.0630
   -0.2080   -0.8959
   -0.8050   -0.1229
    0.5072    0.1943
   -0.5030   -0.7405
   -0.8032   -0.7612
    0.5553   -0.0302
   -0.4014   -0.7558
    0.8111    0.9547
   -0.2318   -0.4243
   -0.8312   -0.5068
   -0.4446    0.5930
    0.8939   -0.7490
    0.8423    0.4974
    0.6160    0.9757
    0.8456   -0.0392
   -0.7193    0.0006
    0.3172    0.1422
   -0.3049   -0.8286
    0.6697    0.5327
    0.6541    0.2480
   -0.3832    0.7091
   -0.1012   -0.0964
   -0.7875    0.0963
   -0.8095    0.2252
   -0.3676    0.6982
    0.1223    0.2498
    0.5638    0.6457
   -0.0679   -0.4957
   -0.1668    0.3751
   -0.4764    0.3929
    0.3856    0.1976
   -0.3289    0.9893
   -0.8222   -0.8686
    0.6487   -0.5235
   -0.7753   -0.4863
    0.1473    0.4004
   -0.7937    0.0946
   -0.4259    0.3581
    0.2535    0.5401
   -0.3824   -0.2187
    0.8072   -0.3163
    0.1610   -0.4285
   -0.3250    0.7296
    0.1308   -0.4659
   -0.9290   -0.6078
    0.7636    0.1987
    0.7180    0.3202
    0.4240    0.1549
   -0.3200    0.7654
   -0.7053   -0.5578
   -0.2530   -0.2001
    0.8591    0.1904
    0.8856   -0.4091
   -0.6360   -0.1556
    0.0764    0.6034
   -0.8985   -0.1455
    0.8866    0.2436
    0.3180    0.2028
    0.7849    0.7800
    0.1047    0.7156
    0.3861   -0.8136
    0.9931   -0.5513
    0.8162    0.2245
    0.8254    0.1072
   -0.5753   -0.5628
    0.5587    0.3112
    0.7959    0.4378
   -0.9975    0.4915
    0.1629    0.3587
    0.5386   -0.4299
   -0.8973    0.4388
    0.7141    0.9574
    0.3312   -0.8963
   -0.6033   -0.1268
    0.3422    0.8996
   -0.3502   -0.5502
   -0.9159    0.3828
    0.1285    0.9745
   -0.7288    0.3480
    0.9450    0.3224
    0.5364    0.2416
    0.5277   -0.0731
    0.7214    0.3706
   -0.5995    0.8829
   -0.5383    0.6618
   -0.6020    0.9472
    0.5614    0.8036
    0.9097   -0.1671
   -0.6340   -0.7523
   -0.8275   -0.6221
    0.7648   -0.7382
    0.1776    0.4198
   -0.7468   -0.5420
    0.8167   -0.8433
   -0.3754    0.4122
    0.8417   -0.3959
   -0.5190   -0.3540
   -0.4383    0.7435
   -0.4124   -0.0065
   -0.5695    0.3635
   -0.8762   -0.0692
    0.8057    0.8781
    0.3480   -0.5150
   -0.6634   -0.0732
   -0.2946   -0.6310
    0.0748   -0.3930
   -0.4475   -0.1810
   -0.2748    0.0964
    0.1767   -0.6345
    0.7494   -0.8705
   -0.8898    0.0676
   -0.4971    0.2887
    0.7232   -0.8666
   -0.2706    0.2038
    0.1941    0.6737
   -0.5527   -0.2355
    0.0804    0.4565
   -0.8445    0.7673
   -0.6443   -0.0058
    0.3384   -0.7989
    0.1600    0.7600
    0.2549    0.8397
   -0.8263   -0.9397
    0.6811   -0.6946
    0.9966    0.9673
   -0.2966    0.7085
   -0.4885   -0.8007
   -0.6847    0.3277
    0.6865    0.2084
    0.6099    0.2460
    0.1868   -0.9855
    0.2055    0.4730
    0.8457   -0.9687
   -0.0795    0.1012
    0.5068   -0.3998
   -0.7956    0.7613
   -0.9169    0.4429
   -0.0757    0.7999
    0.5558    0.0270
   -0.1753   -0.1207
   -0.8372    0.3467
    0.1466   -0.8798
    0.9137   -0.3526
   -0.1156    0.3263
   -0.4887   -0.6922
    0.5905    0.7883
   -0.3728   -0.1194
    0.1660   -0.7972
    0.5449    0.9815
   -0.3601    0.1405
   -0.8732   -0.0787
   -0.8329   -0.9920
    0.4237    0.3074
   -0.3169   -0.2004
    0.7257    0.4226
    0.6092    0.0093
    0.8791   -0.4103
    0.5167   -0.8264
   